14144444411111111111111111111111444411111111111111111111111111114441111111111411111111111111111111111111111111111
11000808000000000800081110800000000060000000000000000000000000800000000000600080000000000000000000000000008000811
18000000000000008000000880808000006666600000000000000000000000000000600006600006000000000000000000000000000000001
10080066000000068088888888080880066666600080066600000600080060086000000006608806666666666666666600000000880080004
48000006663336660808888888080008600000000066666600000660086666006000000000800006000000000000000000000000000000084
10880667777777776600888000001100000000883333333600000666633333666000000000808806000000000000000000000000000000004
10000677777777777660080000661110000008833333333660000066333333366600000000084406000000000000000000000000000000001
18063777777777777766000006011118000006333366633366080663366666336600000000844406000000000000000000000000000000001
10067777777377777776000008111100080063336666063336080633660006633600000008144406000000000000000000000000000000004
18677777773677777776000011111100880663366000806336080633660000633600008011444486000000000000000000000000000000004
16677777776667777777608511111108000088800800806336080033660880633000084441444400000000000000000000000000000000004
16677777776667777777600016001180000008888000663336088033660006633000085448084480000000000000000000000000000000004
13777777736883337777680000061100000008888066333360008063366666330008008500884480000000000000000000000000000000004
13777776688888887777000000061108000008006633333360000063333333336000800800084480000000000000000000000000000000004
16677776600080637777600000081100000000000633333366006663333333336000600800084400000000000000000000000000000000004
16677777666066777777088000801100000000000666393936666633366666333666608000604400000000000000000000000000000000004
10837777766663777777608000001100600880060008883333888833666006633668888800084400000000000000000000000000000000004
10037777777777777776000000001100600080000608883333680336666000633300000000084406000000000000000000000000000000004
10067777777777777776080000001100600000000666666633366336660000083300666000004406000000000000000000000000000000004
10066777777777777760000000001100000006600666606633363336600800833366666000084400000000000000000000000000000000004
10000677777777777600000000061160000063366660006633363336608880633366600000884400000000000000000000000000000000004
48000066777777766008000080061166000063333668806336606333660088333660000808884480000000000000000000000000000000004
48000000666663600088000080061136666663333666663330800033366083933808800800084488880000000000000000000000000000004
10000080006008880800000008063333333666633333351580080803333335555588800000089993888000000000000000000000000000004
16008008859995558800000060633333333660866333344400000000633355555558000888899993899000000000000000000000000000004
10000089222222299800080066333333333608880636144400000006635555555558000089929993399800000000000000000000000000004
10006892222222222980080666333336633000888008444400000066055555588558000889999880339980000000000000000000000000004
18008922222222222298808663333366633000008808544000000000855558888558000006998800339900000000000000000000000000004
10882222222222222225800633336666336066660008444000000088855588885558880006636666999980000000000000000000000000004
18892229822229822229866663366663336006666008448600000088885888855558860006666999999808000000000000000000000000004
48892228889958882222363666666333360000000084450000000008800085555880060089922299988000000000000000000000000000004
48822223888800852222366660063333600800000084488000000006000855558000660892222298808000000000000000000000000000004
45922222586668522222806663733336000000000044100600000008885555580088800922299988660000000000000000000000000000001
15922222586068522222800033733666000000000044100000000000855558880080000899936399800000000000000000000000000000001
15522229808808522222806633336600000000000844808000000008555888800880000080066639980000000000000000000000000000004
18822223688888052222866333666660000000000444080000000085558888888800600000088892980000000000000000000000000000004
10892223859298832229863333633333800000008444080000000855558855558086668666899229900008000000000000000000000000004
10652229922229922225063333333333880000000448000080000855555555558006999363922999980000000000000000000000000000004
10602222222222222298066333333333800000008548008000000085555555588008929299222298800000000000000000000000000000001
18088222222222229988006633333666000000000880000000000008555558880800899999999880880000000000000000000000000000001
15006822222222225800000666666000000000000008000000000000888888800000888888688000000880000000000000000000000000001
18806088992222938000000000000000000000080000080000000000888888800000880000088000000000000000000000000000000000001
10000000888888860000000000000000000080000808000000000000008888000008800000088800000000000000000000000000000000001
10000008000088000000000000000000000000080000000000000000000000000000066600000000000000000000000000000000000000004
10800008800088000000088000000000000008008080000000000000000000000000666660000000000000000000000000000000000000004
10880000800000000000888888880000000088080808008000000000000000008000000080000000000000000000000000000000000000004
10880000008000008008888888888888888880811188008088888888000000008800008888000000000000000000000000000000000000001
70080000000000008000888888888888888888888810888888888888888888888888888888888888000000000000000000000000000000001
11880000000000000000088888008081114444444444444444444444444444444444444444444558888888888880000000000000000080011
11144411111111111111111111111111114444444444444444444444444444444444444444444444444444444444111111111111111111111
